"","hyb_dif_male","hyb_dif_female","ubcf_dif_male","ubcf_dif_female","rerec_dif_male","rerec_dif_female"
"1",-2.65,-3.73,3.82,4.5,1.47,2.74
"2",-0.3,-4.32,-7.35,6.86,-3.24,2.15
"3",0.29,-2.55,-0.3,-0.2,5.59,2.74
"4",-1.47,2.15,-6.77,3.33,-1.47,-0.2
"5",0.29,6.27,2.06,0.39,7.94,-3.73
"6",1.47,-0.2,-0.3,-2.55,6.76,-2.55
"7",-0.3,-1.97,-0.88,0.97,2.06,2.74
"8",1.47,2.74,-8.53,2.74,2.06,-6.08
"9",-0.88,-1.38,2.06,5.09,0.29,2.15
"10",9.12,3.33,-8.53,5.68,-15,-0.2
"11",-2.06,-2.55,0.88,7.45,-0.3,-2.55
"12",0.29,0.97,2.06,0.39,-3.24,-0.79
"13",-6.18,0.39,-3.24,8.03,-3.24,-1.97
"14",-9.71,-0.2,-3.24,6.27,-5.59,2.15
"15",3.23,-0.79,-16.18,4.5,2.06,-3.14
"16",-2.65,0.97,-2.65,2.74,3.82,-1.97
"17",-3.82,2.15,2.65,4.5,0.88,-0.79
"18",-2.06,-0.2,-1.47,2.74,2.06,3.33
"19",-0.88,2.15,-1.47,-0.79,1.47,0.39
"20",-6.77,0.39,-10.88,3.92,-2.65,2.74
"21",-4.41,0.97,-0.88,5.09,0.29,-0.79
"22",0.29,2.15,-2.65,5.09,-7.94,-1.97
"23",0.88,-0.79,1.47,4.5,2.06,-5.5
"24",5,0.97,-4.41,4.5,1.47,2.74
"25",-0.3,0.39,-1.47,4.5,-1.47,-0.79
"26",-0.3,-1.97,-9.71,2.15,9.12,0.97
"27",9.12,0.39,-4.41,5.68,3.23,-6.67
"28",-3.24,1.56,0.88,2.74,0.29,-1.38
"29",-3.82,1.56,-10.3,5.68,-3.24,-1.97
"30",2.06,0.97,-6.18,5.09,1.47,2.74
"31",-0.88,-1.38,-12.06,3.92,0.29,1.56
"32",2.06,-0.79,-13.82,7.45,0.88,-8.44
"33",-2.06,3.33,-0.88,4.5,3.23,-1.38
"34",-2.65,-2.55,-2.06,-0.2,3.23,-7.26
"35",-0.88,-1.38,-3.24,5.68,5,-0.2
"36",-2.65,2.15,-3.82,3.33,-9.12,0.39
"37",2.06,2.74,-9.71,2.74,2.65,-3.73
"38",3.23,-0.79,-5,2.74,-1.47,-0.79
"39",-0.88,0.97,-11.47,7.45,0.29,-0.79
"40",4.41,-3.73,-11.47,0.39,1.47,-2.55
"41",-3.82,-0.2,-0.88,1.56,-1.47,2.15
"42",0.29,2.15,-9.71,8.03,-1.47,-7.85
"43",-1.47,-0.79,0.29,0.97,3.23,-0.2
"44",-2.65,-3.14,-9.71,1.56,0.29,-0.2
"45",-1.47,-1.97,-0.3,3.92,-3.24,2.15
"46",3.82,-2.55,-3.24,5.68,7.35,-3.14
"47",-9.12,2.15,4.41,6.86,-2.65,2.15
"48",4.41,-3.14,-9.71,6.27,-1.47,-7.85
"49",-0.88,1.56,-13.82,2.74,-0.88,-0.79
"50",-0.88,3.33,-5,6.86,5,-1.97
"51",2.06,-1.97,-3.82,6.27,2.65,0.97
"52",-3.24,-3.14,-7.94,5.68,0.29,-1.97
"53",-1.47,0.39,0.88,6.27,-3.24,-3.73
"54",-0.88,-1.38,-0.3,4.5,-1.47,3.33
"55",-0.3,-1.97,-9.71,5.09,-2.06,-1.97
"56",-5,3.92,-2.65,5.68,-0.88,-1.38
"57",-5.59,2.15,-11.47,4.5,4.41,-1.38
"58",2.06,-1.38,-0.88,3.33,8.53,-4.91
"59",6.18,-0.2,-6.77,5.68,-6.18,2.15
"60",-2.06,0.39,3.23,5.09,0.88,-3.14
"61",-3.82,-7.85,-0.3,5.09,9.12,1.56
"62",-0.88,1.56,-7.94,3.33,10.88,-7.26
"63",-4.41,2.74,-3.24,4.5,5,1.56
"64",-2.65,4.5,0.88,5.09,2.65,-0.79
"65",-3.24,-3.14,-7.35,8.03,2.65,-3.73
"66",3.23,-0.2,-3.24,5.68,-0.3,0.97
"67",-7.35,0.39,-8.53,5.09,-0.3,-2.55
"68",-1.47,-3.14,-6.77,5.09,-4.41,3.33
"69",-0.3,0.39,-3.82,2.74,-1.47,3.92
"70",-1.47,2.74,-3.82,3.92,2.06,-4.91
"71",3.82,-1.97,-7.35,0.97,-0.88,-0.79
"72",-2.06,-1.38,-1.47,2.15,-7.94,-1.97
"73",0.29,1.56,6.18,4.5,5,-6.08
"74",-4.41,-0.2,-7.35,6.86,-1.47,-1.97
"75",11.47,-1.97,-3.24,0.39,-2.65,-4.32
"76",-2.65,2.74,-6.77,5.09,0.88,1.56
"77",-7.94,0.39,-7.35,0.97,-3.82,-3.14
"78",-0.3,-1.97,-8.53,3.92,1.47,3.92
"79",-4.41,-2.55,-5.59,5.68,11.47,-5.5
"80",-0.88,1.56,-2.65,5.09,1.47,2.15
"81",-0.3,-0.79,-11.47,5.68,-5,-3.73
"82",2.65,-1.38,-4.41,6.27,2.65,0.97
"83",1.47,0.39,-0.88,3.92,-0.3,-2.55
"84",0.29,-2.55,-4.41,4.5,0.29,3.92
"85",-3.82,-0.2,2.65,-0.2,10.29,-4.32
"86",2.65,-1.97,-5,6.86,-8.53,4.5
"87",3.82,-0.2,-9.71,6.27,-5,-0.79
"88",-2.06,-0.79,-7.35,2.15,0.29,1.56
"89",6.18,0.39,-5,3.33,-3.82,2.74
"90",6.18,-1.97,-9.71,4.5,2.06,2.74
"91",-4.41,2.15,-8.53,4.5,2.06,4.5
"92",-7.35,-1.38,-4.41,3.92,0.29,-0.2
"93",-1.47,-3.14,-0.88,6.27,-0.3,0.97
"94",3.23,-3.73,-8.53,8.03,1.47,-9.61
"95",-4.41,4.5,-6.18,6.27,-2.06,1.56
"96",3.23,0.97,-6.18,5.68,-5.59,-1.38
"97",-0.88,-2.55,-12.65,3.33,-6.18,-4.32
"98",0.88,-0.79,-2.65,4.5,8.53,-1.97
"99",-6.18,3.33,-7.35,2.74,2.65,-10.79
"100",-4.41,-1.38,-2.06,3.33,-4.41,2.74
"101",6.76,-4.91,-5,3.92,9.7,-1.38
"102",-2.65,0.97,-12.06,9.8,12.06,1.56
"103",0.88,4.5,-5.59,2.74,3.23,-3.14
"104",-1.47,-2.55,-2.06,6.86,-6.18,1.56
"105",-1.47,-2.55,-4.41,5.68,12.06,-7.85
"106",0.29,2.15,-6.18,4.5,-0.3,-0.79
"107",-3.82,-1.97,-6.18,5.68,0.88,-0.2
"108",0.88,-3.73,-9.12,3.33,0.29,-3.14
"109",2.06,1.56,-7.94,5.68,6.76,-0.79
"110",6.76,0.39,-8.53,5.09,9.12,2.15
"111",5,4.5,-10.3,6.27,-8.53,2.74
"112",0.29,-3.14,0.88,5.68,2.65,-8.44
"113",-2.06,0.39,-3.24,-0.79,-3.82,-4.91
"114",-1.47,-1.38,-3.82,4.5,5.59,0.39
"115",0.88,-0.2,-2.65,5.68,2.06,0.39
"116",0.29,-1.97,-12.06,3.92,-2.06,-0.2
"117",1.47,-1.97,7.35,5.09,3.23,2.74
"118",-0.88,-4.91,-5.59,7.45,6.18,0.39
"119",-3.24,-0.2,-0.88,-0.79,2.65,3.92
"120",-1.47,0.39,-1.47,5.09,3.82,0.97
"121",-5.59,-3.14,-2.06,5.68,3.23,1.56
"122",5,-3.14,-7.94,2.15,-11.47,6.86
"123",-3.82,-0.79,2.06,5.09,9.12,0.97
"124",-1.47,-0.79,-11.47,7.45,10.88,-5.5
"125",-2.65,2.74,0.88,3.33,-5,2.15
"126",-2.65,1.56,3.82,2.74,2.65,0.97
"127",-1.47,3.33,-3.82,6.27,2.06,-3.14
"128",0.88,-6.08,-4.41,5.09,6.76,-1.38
"129",2.06,2.74,0.29,3.92,-1.47,-0.79
"130",-1.47,-0.2,-3.82,2.15,-8.53,1.56
"131",6.18,-3.73,-7.35,5.09,-0.3,5.09
"132",-2.06,2.15,-1.47,4.5,0.88,2.15
"133",-1.47,0.39,-5,3.33,2.65,-3.14
"134",3.23,-6.08,2.65,6.27,0.29,-1.97
"135",-2.06,0.39,-8.53,3.33,-6.77,0.39
"136",0.88,-0.79,-3.82,2.15,-3.82,-4.32
"137",4.41,2.15,-2.65,2.74,-2.06,-5.5
"138",0.29,-3.14,-2.06,-0.2,2.65,5.68
"139",3.82,2.15,-5.59,5.09,3.23,-1.97
"140",-7.35,-0.79,-2.65,2.15,7.94,-5.5
"141",8.53,1.56,-13.82,5.09,-5,6.27
"142",2.65,0.39,-5.59,4.5,0.29,-2.55
"143",0.29,1.56,-2.65,2.15,0.29,-4.32
"144",2.06,-2.55,-6.18,3.33,5.59,0.39
"145",0.29,-5.5,-3.82,3.33,-0.88,-0.79
"146",-0.3,1.56,-3.24,6.27,-7.35,1.56
"147",-9.71,0.97,-10.3,5.09,2.06,-1.38
"148",-1.47,2.15,-6.77,3.33,3.82,-5.5
"149",-3.24,0.97,-3.24,7.45,2.65,1.56
"150",3.23,-1.38,-13.82,5.68,7.35,1.56
"151",-2.65,0.39,2.65,5.09,6.76,2.15
"152",2.06,-0.2,-10.88,6.86,1.47,-2.55
"153",-0.88,-0.79,-3.82,5.09,6.18,-7.85
"154",-0.3,3.92,-2.65,1.56,-2.65,-0.79
"155",-5,2.15,-7.94,4.5,-3.24,-1.38
"156",7.94,-1.38,0.29,3.92,-0.88,-1.97
"157",-6.18,3.33,-3.24,3.92,6.76,0.39
"158",2.06,2.15,-6.77,7.45,2.06,3.33
"159",0.88,0.39,-6.18,5.68,3.23,-7.26
"160",-2.06,-1.97,-3.24,6.27,1.47,-2.55
"161",-4.41,0.97,-6.18,3.92,-0.88,-3.73
"162",7.35,-1.97,-3.82,4.5,-9.12,3.33
"163",3.23,-1.97,0.88,3.33,1.47,-0.79
"164",-0.3,4.5,-3.82,1.56,2.06,-1.97
"165",-2.65,-1.38,2.65,0.97,-3.82,-6.08
"166",-0.88,0.39,-3.82,6.86,-4.41,0.97
"167",-0.88,3.33,-0.88,3.33,1.47,-1.38
"168",-4.41,-0.2,-0.88,6.27,2.65,6.27
"169",0.29,-0.79,-11.47,5.09,4.41,-1.38
"170",6.76,-0.79,2.65,6.27,-2.65,-1.97
"171",2.65,0.39,-2.65,5.68,-4.41,-4.32
"172",-0.3,-1.97,0.29,4.5,1.47,2.15
"173",-3.82,-0.79,-6.18,5.68,-5,1.56
"174",-2.65,-4.32,-8.53,3.33,0.88,-0.79
"175",2.06,-2.55,-5,2.74,-3.24,2.74
"176",-3.82,0.97,-16.77,6.27,1.47,-7.26
"177",0.88,0.39,1.47,5.09,0.29,-0.79
"178",7.94,-1.97,-0.88,1.56,-2.06,-0.2
"179",-0.3,-3.14,-2.65,3.33,1.47,0.97
"180",3.82,2.15,-1.47,3.92,9.12,-1.97
"181",0.88,-7.26,3.82,5.68,-0.88,-0.2
"182",-0.88,5.68,-8.53,6.27,0.88,3.33
"183",-2.06,-2.55,-4.41,2.74,-3.24,3.92
"184",-3.82,1.56,-9.12,1.56,8.53,-5.5
"185",2.06,6.86,-2.06,-2.55,-0.3,1.56
"186",-2.06,-0.2,-6.18,2.74,0.88,-1.38
"187",-2.65,-0.2,-5,3.33,-1.47,-8.44
"188",-2.65,-0.2,3.23,0.39,-0.3,6.27
"189",-3.24,-0.2,-7.35,5.68,-3.82,-0.2
"190",4.41,0.39,-12.06,5.09,-2.65,-0.2
"191",-0.3,2.15,-6.18,3.92,-0.88,-0.79
"192",-2.06,5.09,-3.82,5.09,3.23,-0.2
"193",0.29,0.97,-2.65,5.68,0.29,1.56
"194",5.59,3.92,-6.77,4.5,0.29,-0.79
"195",0.29,-3.14,-3.24,4.5,4.41,-3.14
"196",5,1.56,-2.06,6.27,5,-6.08
"197",0.29,2.15,3.82,3.92,-0.88,-2.55
"198",-0.88,-0.2,-4.41,3.33,6.76,-2.55
"199",5,-0.79,-6.77,5.09,0.29,-0.79
"200",-2.06,-2.55,-8.53,2.74,-1.47,4.5
"201",-1.47,-1.97,-6.18,3.92,0.88,-1.97
"202",4.41,-2.55,-2.65,7.45,0.29,3.92
"203",8.53,-1.97,-6.18,5.68,14.41,-6.67
"204",-1.47,0.39,-2.65,4.5,-0.3,-1.38
"205",0.88,0.97,-3.82,4.5,-2.06,-0.2
"206",1.47,-0.79,-3.24,0.97,-3.82,-5.5
"207",2.65,-0.79,-8.53,6.27,-0.3,3.33
"208",2.65,0.97,-7.35,5.09,-4.41,1.56
"209",2.65,-1.97,-8.53,4.5,-4.41,0.39
"210",-5.59,3.92,-7.35,8.03,-5,0.97
"211",1.47,0.97,-6.18,6.27,4.41,-3.73
"212",1.47,2.74,-3.82,6.86,-4.41,0.39
"213",-0.3,-3.14,-7.94,3.92,-2.65,1.56
"214",-0.88,0.39,-3.82,6.27,6.18,-3.73
"215",5,-3.14,-10.3,5.09,4.41,-3.73
"216",2.06,-1.97,0.29,6.86,-4.41,0.39
"217",2.06,-0.79,0.88,3.92,-5.59,3.92
"218",0.88,-4.91,-3.24,3.33,-4.41,-0.79
"219",6.18,-4.91,1.47,6.27,4.41,-0.2
"220",-3.82,0.39,-0.88,6.27,-3.24,2.15
"221",5.59,-3.73,5.59,6.27,6.76,1.56
"222",-1.47,5.09,-4.41,3.92,-0.88,0.97
"223",3.23,0.39,-2.65,5.09,5.59,-0.79
"224",1.47,-3.14,-10.88,5.09,-0.3,-3.14
"225",1.47,0.97,-0.88,4.5,-2.06,2.15
"226",1.47,-0.2,-8.53,2.15,0.29,-0.79
"227",9.12,-0.79,-13.24,5.68,2.65,-0.2
"228",-0.3,1.56,-9.71,2.74,-2.65,1.56
"229",2.06,-0.79,-5.59,5.68,6.76,-0.79
"230",0.88,-5.5,-10.88,0.39,6.76,-2.55
"231",-2.06,3.92,-6.18,4.5,5.59,0.97
"232",-3.82,0.39,-6.18,2.74,-3.24,-3.14
"233",-0.88,5.09,-7.35,6.27,2.06,3.92
"234",-3.24,-1.38,-7.94,5.09,-0.3,0.97
"235",0.88,-5.5,-5.59,6.86,-0.88,0.39
"236",-2.06,0.39,0.29,4.5,10.88,0.39
"237",-3.82,2.15,2.06,6.27,-2.65,1.56
"238",5,0.97,-3.82,5.68,-2.06,4.5
"239",-5,2.15,0.29,2.74,-0.3,-1.38
"240",2.06,1.56,-6.77,5.09,2.06,0.39
"241",3.82,-0.79,-10.88,5.09,9.12,-6.08
"242",2.06,1.56,-0.3,3.92,10.88,1.56
"243",0.29,1.56,-2.65,0.97,-0.88,2.74
"244",-2.65,-1.38,-5,1.56,-4.41,0.97
"245",-1.47,-2.55,0.88,0.39,8.53,0.97
"246",4.41,3.33,-12.65,5.09,-3.24,1.56
"247",-1.47,-1.38,-0.88,3.92,2.06,-5.5
"248",-2.06,-1.38,-7.35,4.5,7.35,-0.2
"249",3.82,0.39,7.35,0.97,0.29,-0.2
"250",-7.94,3.33,-1.47,6.27,2.06,-0.2
"251",-5.59,2.74,-2.06,4.5,-1.47,-0.79
"252",2.06,-1.38,-2.06,5.68,0.29,-3.14
"253",-2.65,0.39,-0.3,8.03,8.53,-1.38
"254",1.47,-2.55,-6.77,1.56,2.06,4.5
"255",7.35,0.39,-5.59,5.68,-6.18,0.39
"256",-7.35,3.92,-0.88,2.74,2.65,-7.85
"257",0.88,-0.2,-3.82,2.15,6.18,1.56
"258",3.23,-0.2,-6.77,3.33,-4.41,0.97
"259",0.88,3.92,-5.59,7.45,-3.82,2.74
"260",-1.47,-1.38,-7.94,3.33,7.35,-3.73
"261",-2.65,4.5,2.65,0.97,0.88,-1.97
"262",0.88,-0.79,-0.88,2.15,-2.65,-1.97
"263",-1.47,-0.2,-1.47,1.56,7.94,-3.14
"264",2.65,-0.2,-11.47,3.92,-6.77,1.56
"265",-6.77,-1.38,-2.06,2.74,8.53,-0.2
"266",2.65,5.09,-3.82,2.74,-0.3,-1.38
"267",0.88,5.68,4.41,5.09,3.82,1.56
"268",-5.59,1.56,-2.65,2.74,2.65,-9.61
"269",3.82,-1.38,2.06,3.92,9.12,-5.5
"270",9.7,-4.91,-7.35,1.56,0.88,0.39
"271",4.41,-2.55,7.94,4.5,0.88,0.97
"272",3.23,-0.79,-0.88,6.27,9.7,-4.32
"273",-2.65,-0.2,1.47,9.21,7.35,-0.79
"274",-4.41,4.5,-3.24,4.5,-2.06,1.56
"275",-5.59,-1.38,-4.41,5.09,-0.3,5.09
"276",0.88,2.74,-5,5.68,-12.06,2.74
"277",5,-1.38,-6.18,5.09,5.59,-5.5
"278",3.23,0.39,2.65,3.33,-2.06,-0.2
"279",-6.77,-3.14,7.35,1.56,1.47,-3.14
"280",-7.94,0.97,-2.65,2.74,1.47,1.56
"281",0.88,-1.38,-10.3,3.92,-6.18,-2.55
"282",6.76,-0.79,-10.3,2.74,-1.47,1.56
"283",3.82,2.74,-5.59,5.68,-2.65,-0.2
"284",3.23,-5.5,-9.71,6.27,3.23,1.56
"285",9.7,-0.79,-1.47,5.09,2.06,-4.91
"286",2.06,-0.2,-1.47,-0.79,9.12,-0.79
"287",4.41,-3.14,-0.88,-2.55,-2.06,1.56
"288",1.47,-1.38,3.82,6.27,1.47,-3.14
"289",-2.65,-3.73,-3.82,5.09,-3.82,-0.2
"290",-7.35,1.56,-0.88,1.56,5,-2.55
"291",-5,-1.38,-8.53,1.56,4.41,-4.32
"292",5.59,3.33,-2.06,4.5,-1.47,1.56
"293",-1.47,-0.2,-7.94,2.74,-7.35,-0.79
"294",-3.82,2.15,-11.47,3.92,-0.88,-2.55
"295",-3.82,-1.38,-0.3,3.33,-6.18,4.5
"296",-2.65,-2.55,-7.35,4.5,-3.24,0.97
"297",-4.41,0.97,-5.59,3.92,-6.18,2.15
"298",3.82,0.97,0.88,3.92,-2.06,2.15
"299",-0.88,1.56,-12.65,5.09,3.23,-0.2
"300",0.88,-0.2,-6.18,4.5,7.94,0.97
"301",2.06,-1.97,-14.41,6.27,-1.47,-2.55
"302",-3.82,5.68,-7.94,5.09,2.06,0.97
"303",5,-4.32,-2.06,2.15,0.29,2.74
"304",-5.59,0.97,-1.47,4.5,2.65,-0.2
"305",0.29,0.39,-0.88,2.15,-4.41,-3.73
"306",-7.94,2.15,-9.12,3.92,1.47,-1.38
"307",1.47,-3.14,2.06,1.56,-6.77,1.56
"308",2.06,0.39,-6.18,5.68,1.47,1.56
"309",0.88,-4.91,-13.24,5.68,-7.35,6.86
"310",-2.06,-0.2,-2.65,6.86,6.76,-2.55
"311",-0.88,3.92,-1.47,0.97,0.88,-3.73
"312",3.82,-0.2,-3.82,4.5,-4.41,-0.2
"313",-2.06,-1.38,-1.47,6.86,3.82,4.5
"314",2.06,-6.67,-7.94,5.09,-4.41,0.39
"315",5,2.15,-1.47,3.33,-4.41,3.33
"316",2.65,-1.97,-8.53,6.27,1.47,3.92
"317",-0.3,1.56,-1.47,3.92,0.29,-0.79
"318",-0.88,-4.32,-0.88,5.68,-3.82,0.97
"319",-1.47,0.39,-7.94,4.5,1.47,0.97
"320",-6.18,-0.2,-10.3,3.33,-0.3,3.33
"321",-2.65,0.39,-1.47,2.74,-3.82,0.97
"322",-6.18,3.33,6.18,5.09,-8.53,-0.79
"323",1.47,0.97,12.06,3.33,-1.47,1.56
"324",-1.47,-1.38,-6.18,6.86,4.41,-3.73
"325",3.23,-0.79,-2.65,0.97,0.29,-0.79
"326",-4.41,0.39,-12.65,3.92,0.29,5.09
"327",5,-3.14,1.47,1.56,15,0.39
"328",8.53,-0.2,-0.3,4.5,-2.65,-5.5
"329",-4.41,2.15,-5,7.45,0.29,-2.55
"330",0.29,0.97,-0.3,5.09,-5,0.39
"331",4.41,0.39,-4.41,4.5,-0.3,0.39
"332",-2.65,-0.2,3.82,2.15,0.88,-9.03
"333",-3.82,3.33,-13.24,5.09,3.82,1.56
"334",6.76,0.97,-0.3,4.5,2.06,2.74
"335",-0.88,-0.2,-0.3,5.09,-2.06,-3.14
"336",-5,3.33,-0.3,6.86,-7.94,0.39
"337",2.06,-1.38,-15,0.39,-0.88,2.15
"338",-2.06,-4.91,2.65,0.97,-2.65,5.09
"339",-3.24,2.15,-2.65,2.15,2.65,1.56
"340",1.47,-0.79,3.82,3.33,5.59,0.97
"341",1.47,-0.79,-2.65,5.68,4.41,0.97
"342",-0.3,-0.79,-1.47,5.68,-9.12,3.92
"343",2.65,-3.73,-6.77,2.15,-0.3,2.74
"344",-1.47,-3.73,-5,2.15,1.47,-3.73
"345",-2.06,0.39,-5,4.5,-7.94,1.56
"346",5,1.56,-6.77,0.97,-5.59,0.97
"347",0.29,-1.97,-8.53,6.86,5.59,1.56
"348",-3.24,1.56,-3.24,3.33,2.65,-1.97
"349",0.29,-0.2,-8.53,3.33,2.06,-0.79
"350",1.47,2.15,1.47,1.56,6.18,0.97
"351",3.23,3.33,-0.88,3.92,1.47,-1.38
"352",2.06,-0.2,-0.88,5.09,-2.65,0.39
"353",-9.71,0.97,-11.47,3.92,-2.06,-3.14
"354",1.47,1.56,-7.35,0.39,1.47,-3.73
"355",5.59,-4.32,-2.65,2.15,6.18,-6.67
"356",0.88,7.45,-5.59,5.09,-0.88,-0.2
"357",0.29,0.97,-0.88,3.92,0.29,-0.79
"358",-4.41,1.56,-3.82,2.15,-0.3,2.15
"359",-5.59,1.56,3.23,5.09,-1.47,-5.5
"360",-2.65,2.74,-9.12,8.03,5,3.33
"361",-0.88,-1.38,-2.06,5.68,0.29,-3.73
"362",-2.06,0.97,-3.82,0.97,6.18,0.39
"363",-0.88,0.97,2.06,5.68,3.23,-10.79
"364",6.18,0.97,-9.12,6.86,-5,-3.14
"365",-0.3,1.56,-0.3,3.92,3.23,3.33
"366",3.23,-3.73,-10.88,2.15,1.47,0.97
"367",2.65,2.74,-5.59,3.33,3.82,2.15
"368",-0.3,3.33,-10.88,5.68,2.65,-1.97
"369",-2.06,-0.2,-5.59,6.27,2.06,-6.67
"370",-2.06,1.56,-6.18,1.56,2.65,4.5
"371",0.29,-3.14,-7.94,0.97,-3.24,3.33
"372",3.23,-1.38,-2.65,2.15,-7.35,-1.97
"373",-6.18,-0.2,1.47,2.15,-2.65,-4.32
"374",2.65,3.33,-13.24,5.09,-4.41,-1.97
"375",7.35,-1.38,-6.77,2.74,2.06,-3.73
"376",-2.65,-2.55,-6.18,8.03,5,-6.08
"377",3.82,0.97,2.65,3.92,2.65,0.39
"378",-0.3,0.39,3.82,6.27,-0.3,-0.2
"379",-1.47,2.74,4.41,2.74,2.65,-0.79
"380",-2.06,-0.2,-2.65,0.39,-3.82,2.15
"381",-6.77,0.39,-4.41,1.56,3.23,0.39
"382",-0.3,3.92,-3.24,2.74,-1.47,0.39
"383",4.41,0.97,-2.06,7.45,2.06,2.74
"384",5,-3.14,-0.88,5.68,-5,1.56
"385",-3.82,0.39,-0.88,-0.79,9.7,-3.14
"386",-5.59,1.56,-7.35,6.27,7.35,-4.32
"387",-2.65,-1.38,-3.24,0.97,0.88,0.39
"388",-0.3,1.56,-10.88,2.74,5,1.56
"389",2.06,-3.14,-6.77,6.86,-0.88,-1.38
"390",-2.06,3.33,-3.82,5.68,7.94,-3.14
"391",-3.82,2.74,-5,6.27,-6.18,-4.32
"392",1.47,3.92,-6.77,5.09,-1.47,-3.73
"393",-1.47,0.39,-10.88,3.92,-1.47,-1.97
"394",-5,-1.38,0.29,5.68,6.18,-0.2
"395",-4.41,3.92,-11.47,-0.2,7.94,-7.85
"396",0.29,1.56,-9.71,2.74,-6.18,-2.55
"397",2.65,-1.38,-4.41,8.03,-2.65,1.56
"398",-2.65,0.97,-6.77,5.09,3.23,2.15
"399",1.47,2.74,-13.24,5.68,0.29,-4.91
"400",3.23,-0.2,-5.59,6.27,-2.65,0.97
"401",-5,-0.79,-4.41,5.09,-1.47,-3.73
"402",0.88,0.39,-9.12,0.97,2.06,-3.73
"403",2.65,-1.38,7.35,2.15,0.88,2.74
"404",-5.59,2.15,-8.53,5.09,-0.88,-6.08
"405",-2.65,2.15,-11.47,6.27,0.29,-3.73
"406",2.65,1.56,-4.41,6.86,-2.65,2.15
"407",0.29,1.56,-0.3,2.15,5,1.56
"408",-0.88,-0.2,0.29,6.27,3.82,-9.03
"409",-2.06,0.39,-7.94,2.74,-3.82,3.33
"410",3.23,-3.73,0.29,1.56,3.23,3.33
"411",-0.3,-0.2,-5,3.33,0.29,1.56
"412",-3.24,0.97,2.06,2.74,1.47,-0.2
"413",3.82,-1.38,-7.35,3.33,-1.47,0.97
"414",-1.47,0.39,0.29,1.56,3.82,-0.79
"415",-3.82,0.39,-3.82,-0.79,-2.06,-0.79
"416",0.88,0.97,-5.59,0.97,2.06,2.15
"417",-4.41,2.15,0.88,5.09,-4.41,-0.2
"418",-2.06,2.15,-3.82,3.92,3.23,-5.5
"419",-4.41,0.97,3.82,4.5,-5.59,0.39
"420",-1.47,2.15,-6.18,4.5,6.18,-2.55
"421",-3.24,1.56,-5,5.09,4.41,-4.32
"422",-1.47,-1.38,-9.71,6.27,5.59,2.15
"423",-5.59,0.39,-5,3.33,-5,-4.91
"424",4.41,1.56,-6.18,4.5,-0.3,-0.79
"425",-6.18,2.74,-1.47,3.92,-5,-0.2
"426",1.47,2.15,-10.88,1.56,-2.06,-1.97
"427",-6.77,2.74,7.94,2.74,-3.24,1.56
"428",5.59,-0.79,-7.35,5.68,-1.47,-3.73
"429",5,-8.44,-7.35,3.92,-6.77,-1.38
"430",-5.59,1.56,-3.24,5.09,1.47,-3.73
"431",-5.59,5.09,-1.47,3.33,1.47,-4.32
"432",4.41,-0.2,-10.3,5.68,5,0.97
"433",-5.59,0.39,-7.35,6.86,3.23,0.97
"434",2.06,-0.2,-3.24,3.92,12.06,-0.79
"435",-4.41,1.56,-14.41,2.74,0.88,0.39
"436",0.29,1.56,-4.41,5.09,-5,1.56
"437",-0.88,-0.79,-6.18,2.74,5,-3.14
"438",-2.06,3.92,-9.71,5.68,2.65,0.39
"439",1.47,-3.14,-4.41,2.74,9.7,-4.32
"440",0.29,2.15,-9.12,7.45,3.82,-3.14
"441",3.23,-1.38,-2.65,1.56,-0.88,0.39
"442",-1.47,-0.79,-10.88,5.68,-5,-0.2
"443",-5.59,1.56,-9.71,6.27,-3.82,-3.14
"444",-0.88,1.56,-0.88,5.09,2.65,3.33
"445",-4.41,0.97,-0.3,2.74,6.76,2.15
"446",2.06,0.39,-5,7.45,0.88,-0.2
"447",0.88,0.39,-3.24,2.15,5.59,-3.73
"448",-4.41,-1.97,-4.41,1.56,-0.3,-0.2
"449",-0.3,5.68,-4.41,5.09,7.35,-8.44
"450",-2.06,2.74,-0.3,2.15,-1.47,-1.38
"451",4.41,0.97,-6.77,3.92,0.88,3.92
"452",-0.3,-0.2,-2.06,0.39,6.76,-4.32
"453",-2.06,2.15,0.88,1.56,3.82,-4.32
"454",-7.35,1.56,-2.06,2.15,7.94,-1.38
"455",3.23,2.74,-2.65,6.86,2.65,2.74
"456",-0.3,-1.38,-4.41,3.92,8.53,0.39
"457",5.59,-7.85,-9.71,5.09,-3.24,0.39
"458",1.47,-0.79,-8.53,0.39,-4.41,-6.08
"459",2.65,-8.44,-1.47,5.09,-0.88,-1.97
"460",-1.47,-0.2,-9.12,5.09,2.65,-3.14
"461",3.82,0.39,-2.06,0.39,0.29,-4.91
"462",-0.3,-2.55,-2.65,2.15,12.06,-1.97
"463",-3.24,0.97,0.29,2.74,14.41,-3.73
"464",4.41,-0.2,-3.82,4.5,0.88,0.97
"465",-2.06,5.09,-2.65,7.45,2.06,-3.14
"466",-2.65,-0.79,-3.24,3.33,-0.88,-1.97
"467",-3.24,0.97,-9.12,8.03,-3.82,2.15
"468",0.88,-3.14,-0.88,4.5,-2.65,2.15
"469",6.18,-3.14,-5,4.5,8.53,-3.14
"470",0.29,-3.14,-0.3,0.97,5.59,-4.91
"471",0.29,-4.32,-3.82,3.33,-6.77,0.97
"472",2.65,-1.97,-3.24,6.86,-6.77,4.5
"473",3.23,-4.91,-10.88,6.27,2.06,-0.2
"474",2.65,5.09,-2.65,3.33,-0.3,-2.55
"475",4.41,-4.91,-2.06,6.27,0.29,-1.38
"476",0.88,-2.55,-5.59,6.86,3.23,-1.38
"477",1.47,-1.38,-3.82,0.97,6.76,-0.79
"478",2.65,-3.14,-5,6.27,-2.06,0.39
"479",-1.47,3.92,-6.77,3.33,2.06,-1.38
"480",-0.3,-3.14,-0.3,-1.97,-4.41,-1.38
"481",-4.41,-1.38,-7.94,6.27,-0.88,3.33
"482",-0.3,-0.2,-13.82,5.09,4.41,-4.91
"483",2.06,-0.2,-6.77,7.45,3.82,4.5
"484",-3.24,-2.55,-2.06,1.56,-2.06,1.56
"485",3.23,-1.97,-4.41,3.92,-0.3,2.15
"486",-0.88,-2.55,0.88,-1.38,13.23,0.97
"487",-3.24,0.39,0.29,6.27,2.65,0.39
"488",3.23,-0.2,-3.24,2.74,-7.94,1.56
"489",-1.47,-0.2,-2.06,5.68,5,-1.38
"490",-2.06,-1.38,-5.59,0.39,4.41,-1.97
"491",3.23,-1.38,-8.53,5.68,0.88,-3.14
"492",-1.47,-1.38,-3.24,3.33,6.76,-3.73
"493",-2.06,5.09,1.47,6.86,-0.3,-4.32
"494",2.65,-0.2,0.29,6.86,-6.77,-0.79
"495",2.65,-3.14,-10.3,5.68,-0.3,-0.2
"496",-1.47,-2.55,-5.59,8.62,4.41,-1.97
"497",3.23,2.15,-11.47,5.68,0.29,-7.85
"498",-4.41,3.33,1.47,6.27,-0.88,-0.79
"499",-2.65,5.09,-2.06,6.27,2.06,-3.14
"500",-2.65,3.33,-8.53,-0.2,-3.24,-4.32
